-3 -617
-2.92 -533.339
-2.84 -458.794
-2.76 -392.612
-2.68 -334.083
-2.6 -282.537
-2.52 -237.344
-2.44 -197.913
-2.36 -163.688
-2.28 -134.15
-2.2 -108.817
-2.12 -87.2371
-2.04 -68.9931
-1.96 -53.6983
-1.88 -40.9961
-1.8 -30.559
-1.72 -22.0872
-1.64 -15.3072
-1.56 -9.97121
-1.48 -5.8553
-1.4 -2.75872
-1.32 -0.502521
-1.24 1.07162
-1.16 2.10256
-1.08 2.71086
-1 3
-0.92 3.05751
-0.84 2.95618
-0.76 2.75525
-0.68 2.50155
-0.6 2.23072
-0.52 1.96837
-0.44 1.73126
-0.36 1.52848
-0.28 1.36264
-0.2 1.23104
-0.12 1.12684
-0.04 1.04026
0.04 0.959744
0.12 0.873163
0.2 0.76896
0.28 0.637355
0.36 0.471516
0.44 0.268739
0.52 0.0316292
0.6 -0.23072
0.68 -0.501548
0.76 -0.755246
0.84 -0.95618
0.92 -1.05751
1 -1
1.08 -0.710864
1.16 -0.102559
1.24 0.928379
1.32 2.50252
1.4 4.75872
1.48 7.8553
1.56 11.9712
1.64 17.3072
1.72 24.0872
1.8 32.559
1.88 42.9961
1.96 55.6983
2.04 70.9931
2.12 89.2371
2.2 110.817
2.28 136.15
2.36 165.688
2.44 199.913
2.52 239.344
2.6 284.537
2.68 336.083
2.76 394.612
2.84 460.794
2.92 535.339
3 619
3.08 712.572
3.16 816.894
3.24 932.851
3.32 1061.38
3.4 1203.45
3.48 1360.09
3.56 1532.39
3.64 1721.47
3.72 1928.52
3.8 2154.77
3.88 2401.51
3.96 2670.08
4.04 2961.91
4.12 3278.43
4.2 3621.18
4.28 3991.75
4.36 4391.77
4.44 4822.95
4.52 5287.06
4.6 5785.95
4.68 6321.51
4.76 6895.72
4.84 7510.62
4.92 8168.32
5 8871
